service_id,monday,tuesday,wednesday,thursday,friday,saturday,sunday,start_date,end_date
1,0,0,0,0,0,0,0,20260223,20260617
2,0,0,0,0,0,0,0,20260107,20260220
3,0,0,0,0,0,0,0,20260228,20260613
4,0,0,0,0,0,0,0,20260302,20260611
5,0,0,0,0,0,0,0,20251222,20260227
6,0,0,0,0,0,0,0,20260301,20260614
7,0,0,0,0,0,0,0,20251222,20260105
8,0,0,0,0,0,0,0,20251227,20260131
9,0,0,0,0,0,0,0,20251224,20251224
10,0,0,0,0,0,0,0,20251225,20260222
11,0,0,0,0,0,0,0,20251231,20260228
12,0,0,0,0,0,0,0,20251225,20260301
13,0,0,0,0,0,0,0,20251231,20260221
14,0,0,0,0,0,0,0,20251231,20260328
15,0,0,0,0,0,0,0,20251231,20251231
16,0,0,0,0,0,0,0,20260107,20260331
17,0,0,0,0,0,0,0,20260207,20260328
18,0,0,0,0,0,0,0,20251225,20260329
19,0,0,0,0,0,0,0,20260207,20260221
20,0,0,0,0,0,0,0,20260407,20260617
21,0,0,0,0,0,0,0,20260401,20260611
22,0,0,0,0,0,0,0,20260404,20260613
23,0,0,0,0,0,0,0,20251227,20260328
24,0,0,0,0,0,0,0,20260403,20260614
25,0,0,0,0,0,0,0,20260107,20260123
26,0,0,0,0,0,0,0,20251225,20260125
27,0,0,0,0,0,0,0,20260126,20260220
28,0,0,0,0,0,0,0,20260201,20260222
29,0,0,0,0,0,0,0,20251227,20260221
30,0,0,0,0,0,0,0,20251227,20260411
31,0,0,0,0,0,0,0,20251225,20260412
32,0,0,0,0,0,0,0,20251222,20260416
33,0,0,0,0,0,0,0,20251222,20260416
34,0,0,0,0,0,0,0,20251225,20260412
35,0,0,0,0,0,0,0,20251224,20260412
36,0,0,0,0,0,0,0,20251222,20260416
37,0,0,0,0,0,0,0,20260109,20260612
38,0,0,0,0,0,0,0,20251226,20260613
39,0,0,0,0,0,0,0,20251225,20251225
40,0,0,0,0,0,0,0,20251228,20260614
41,0,0,0,0,0,0,0,20251230,20260105
42,0,0,0,0,0,0,0,20260107,20260617
43,0,0,0,0,0,0,0,20251222,20251229
44,0,0,0,0,0,0,0,20251226,20260613
45,0,0,0,0,0,0,0,20251224,20260614
46,0,0,0,0,0,0,0,20251225,20260613
47,0,0,0,0,0,0,0,20251222,20260617
48,0,0,0,0,0,0,0,20251222,20260617
49,0,0,0,0,0,0,0,20251222,20260617
50,0,0,0,0,0,0,0,20251224,20260614
51,0,0,0,0,0,0,0,20251227,20260613
52,0,0,0,0,0,0,0,20251229,20260515
53,0,0,0,0,0,0,0,20251225,20260613
54,0,0,0,0,0,0,0,20251222,20260617
55,0,0,0,0,0,0,0,20251222,20260617
56,0,0,0,0,0,0,0,20251224,20260614
57,0,0,0,0,0,0,0,20251224,20260614
58,0,0,0,0,0,0,0,20251222,20260617
59,0,0,0,0,0,0,0,20251227,20260613
60,0,0,0,0,0,0,0,20251222,20260617
61,0,0,0,0,0,0,0,20260109,20260612
62,0,0,0,0,0,0,0,20251222,20260617
63,0,0,0,0,0,0,0,20251222,20260617
64,0,0,0,0,0,0,0,20251222,20260617
65,0,0,0,0,0,0,0,20251225,20260613
66,0,0,0,0,0,0,0,20260129,20260129
67,0,0,0,0,0,0,0,20260107,20260617
68,0,0,0,0,0,0,0,20251222,20260617
69,0,0,0,0,0,0,0,20251230,20260612
70,0,0,0,0,0,0,0,20260107,20260617
71,0,0,0,0,0,0,0,20251225,20260614
72,0,0,0,0,0,0,0,20251222,20251223
73,0,0,0,0,0,0,0,20251224,20260614
74,0,0,0,0,0,0,0,20251224,20260614
75,0,0,0,0,0,0,0,20251222,20260617
76,0,0,0,0,0,0,0,20251222,20260617
77,0,0,0,0,0,0,0,20251225,20260614
78,0,0,0,0,0,0,0,20251224,20260614
79,0,0,0,0,0,0,0,20260107,20260617
80,0,0,0,0,0,0,0,20251222,20260515
81,0,0,0,0,0,0,0,20251225,20260614
82,0,0,0,0,0,0,0,20251225,20260613
83,0,0,0,0,0,0,0,20251230,20260612
84,0,0,0,0,0,0,0,20251230,20260617
85,0,0,0,0,0,0,0,20260107,20260617
86,0,0,0,0,0,0,0,20251222,20260617
87,0,0,0,0,0,0,0,20251230,20260515
88,0,0,0,0,0,0,0,20260109,20260612
89,0,0,0,0,0,0,0,20251222,20260617
90,0,0,0,0,0,0,0,20251228,20260614
91,0,0,0,0,0,0,0,20251229,20251229
92,0,0,0,0,0,0,0,20251224,20260613
93,0,0,0,0,0,0,0,20251222,20260617
94,0,0,0,0,0,0,0,20251224,20260613
95,0,0,0,0,0,0,0,20251222,20260617
96,0,0,0,0,0,0,0,20251230,20260515
97,0,0,0,0,0,0,0,20251224,20260515
98,0,0,0,0,0,0,0,20251225,20260614
99,0,0,0,0,0,0,0,20251225,20260614
100,0,0,0,0,0,0,0,20251225,20260606
101,0,0,0,0,0,0,0,20251222,20260617
102,0,0,0,0,0,0,0,20251224,20260613
103,0,0,0,0,0,0,0,20251222,20260617
104,0,0,0,0,0,0,0,20251222,20260617
105,0,0,0,0,0,0,0,20251222,20260617
106,0,0,0,0,0,0,0,20251225,20260614
107,0,0,0,0,0,0,0,20260207,20260207
108,0,0,0,0,0,0,0,20260108,20260617
109,0,0,0,0,0,0,0,20251222,20260617
110,0,0,0,0,0,0,0,20251225,20260614
111,0,0,0,0,0,0,0,20251222,20260617
112,0,0,0,0,0,0,0,20260108,20260617
113,0,0,0,0,0,0,0,20251225,20260614
114,0,0,0,0,0,0,0,20251222,20260617
115,0,0,0,0,0,0,0,20251224,20260307
116,0,0,0,0,0,0,0,20251224,20260307
117,0,0,0,0,0,0,0,20260101,20260101
118,0,0,0,0,0,0,0,20260106,20260106
119,0,0,0,0,0,0,0,20260208,20260208
120,0,0,0,0,0,0,0,20260315,20260315
121,0,0,0,0,0,0,0,20260206,20260206
122,0,0,0,0,0,0,0,20251225,20260614
123,0,0,0,0,0,0,0,20251225,20260614
124,0,0,0,0,0,0,0,20251222,20260617
125,0,0,0,0,0,0,0,20251225,20260614
126,0,0,0,0,0,0,0,20251225,20260614
127,0,0,0,0,0,0,0,20251222,20260617
128,0,0,0,0,0,0,0,20251226,20260613
129,0,0,0,0,0,0,0,20251231,20260307
130,0,0,0,0,0,0,0,20260310,20260312
131,0,0,0,0,0,0,0,20260207,20260208
132,0,0,0,0,0,0,0,20260306,20260306
133,0,0,0,0,0,0,0,20260216,20260219
134,0,0,0,0,0,0,0,20260215,20260215
135,0,0,0,0,0,0,0,20260101,20260315
136,0,0,0,0,0,0,0,20251225,20260613
137,0,0,0,0,0,0,0,20251222,20260617
138,0,0,0,0,0,0,0,20251222,20260615
139,0,0,0,0,0,0,0,20251222,20260615
140,0,0,0,0,0,0,0,20251222,20260617
141,0,0,0,0,0,0,0,20251225,20260612
142,0,0,0,0,0,0,0,20251226,20251227
143,0,0,0,0,0,0,0,20260101,20260614
144,0,0,0,0,0,0,0,20251223,20260104
145,0,0,0,0,0,0,0,20260307,20260307
146,0,0,0,0,0,0,0,20251222,20260617
147,0,0,0,0,0,0,0,20260311,20260313
148,0,0,0,0,0,0,0,20260101,20260104
149,0,0,0,0,0,0,0,20251223,20260614
150,0,0,0,0,0,0,0,20251226,20260613
151,0,0,0,0,0,0,0,20260101,20260617
152,0,0,0,0,0,0,0,20251228,20260614
153,0,0,0,0,0,0,0,20251225,20260614
154,0,0,0,0,0,0,0,20251228,20260614
155,0,0,0,0,0,0,0,20260119,20260226
156,0,0,0,0,0,0,0,20251223,20260614
157,0,0,0,0,0,0,0,20251225,20260613
158,0,0,0,0,0,0,0,20251224,20260101
159,0,0,0,0,0,0,0,20260216,20260220
160,0,0,0,0,0,0,0,20251230,20260612
161,0,0,0,0,0,0,0,20251225,20260614
162,0,0,0,0,0,0,0,20260119,20260312
163,0,0,0,0,0,0,0,20251225,20260614
164,0,0,0,0,0,0,0,20251222,20260617
165,0,0,0,0,0,0,0,20251225,20260613
166,0,0,0,0,0,0,0,20251222,20260617
167,0,0,0,0,0,0,0,20251225,20260613
168,0,0,0,0,0,0,0,20251222,20260617
169,0,0,0,0,0,0,0,20251223,20260614
170,0,0,0,0,0,0,0,20251230,20260612
171,0,0,0,0,0,0,0,20251222,20260617
172,0,0,0,0,0,0,0,20251225,20260614
173,0,0,0,0,0,0,0,20251223,20251223
174,0,0,0,0,0,0,0,20251226,20260613
175,0,0,0,0,0,0,0,20251222,20260617
176,0,0,0,0,0,0,0,20251225,20260613
177,0,0,0,0,0,0,0,20251228,20260614
178,0,0,0,0,0,0,0,20251225,20260613
179,0,0,0,0,0,0,0,20251222,20260615
180,0,0,0,0,0,0,0,20251222,20260617
181,0,0,0,0,0,0,0,20260215,20260219
182,0,0,0,0,0,0,0,20251225,20260614
183,0,0,0,0,0,0,0,20251222,20260615
184,0,0,0,0,0,0,0,20251225,20260106
185,0,0,0,0,0,0,0,20260216,20260313
186,0,0,0,0,0,0,0,20251227,20260106
187,0,0,0,0,0,0,0,20251225,20260106
188,0,0,0,0,0,0,0,20251226,20260614
189,0,0,0,0,0,0,0,20251226,20260613
190,0,0,0,0,0,0,0,20251222,20260617
191,0,0,0,0,0,0,0,20260311,20260311
192,0,0,0,0,0,0,0,20260105,20260105
193,0,0,0,0,0,0,0,20251223,20260617
194,0,0,0,0,0,0,0,20251228,20260614
195,0,0,0,0,0,0,0,20251222,20260617
196,0,0,0,0,0,0,0,20251224,20251231
197,0,0,0,0,0,0,0,20260104,20260104
198,0,0,0,0,0,0,0,20251225,20260614
199,0,0,0,0,0,0,0,20260108,20260617
200,0,0,0,0,0,0,0,20260120,20260312
201,0,0,0,0,0,0,0,20260121,20260313
202,0,0,0,0,0,0,0,20251222,20260617
203,0,0,0,0,0,0,0,20251225,20260614
204,0,0,0,0,0,0,0,20251222,20260617
205,0,0,0,0,0,0,0,20251222,20260617
206,0,0,0,0,0,0,0,20251225,20260613
207,0,0,0,0,0,0,0,20251222,20260617
208,0,0,0,0,0,0,0,20251222,20260617
209,0,0,0,0,0,0,0,20251225,20260614
210,0,0,0,0,0,0,0,20251222,20260617
211,0,0,0,0,0,0,0,20260206,20260207
212,0,0,0,0,0,0,0,20251225,20260613
213,0,0,0,0,0,0,0,20251225,20260613
214,0,0,0,0,0,0,0,20251225,20260308
215,0,0,0,0,0,0,0,20251228,20260614
216,0,0,0,0,0,0,0,20251228,20260614
217,0,0,0,0,0,0,0,20251225,20260613
218,0,0,0,0,0,0,0,20260220,20260220
219,0,0,0,0,0,0,0,20251223,20260105
220,0,0,0,0,0,0,0,20251228,20260614
221,0,0,0,0,0,0,0,20251222,20260617
222,0,0,0,0,0,0,0,20260119,20260122
223,0,0,0,0,0,0,0,20251226,20260614
224,0,0,0,0,0,0,0,20260102,20260123
225,0,0,0,0,0,0,0,20251228,20260614
226,0,0,0,0,0,0,0,20251225,20260613
227,0,0,0,0,0,0,0,20251223,20260614
228,0,0,0,0,0,0,0,20260103,20260103
229,0,0,0,0,0,0,0,20251222,20260617
230,0,0,0,0,0,0,0,20251228,20260614
231,0,0,0,0,0,0,0,20251222,20260617
232,0,0,0,0,0,0,0,20251222,20260617
233,0,0,0,0,0,0,0,20251222,20260617
234,0,0,0,0,0,0,0,20251222,20260617
235,0,0,0,0,0,0,0,20251222,20260617
236,0,0,0,0,0,0,0,20260216,20260313
237,0,0,0,0,0,0,0,20260119,20260312
238,0,0,0,0,0,0,0,20251222,20260617
239,0,0,0,0,0,0,0,20251222,20260617
240,0,0,0,0,0,0,0,20251226,20251226
241,0,0,0,0,0,0,0,20251227,20260613
242,0,0,0,0,0,0,0,20251222,20260617
243,0,0,0,0,0,0,0,20251223,20260617
244,0,0,0,0,0,0,0,20251222,20260617
245,0,0,0,0,0,0,0,20251222,20260617
246,0,0,0,0,0,0,0,20260206,20260306
247,0,0,0,0,0,0,0,20251228,20260614
248,0,0,0,0,0,0,0,20251230,20260612
249,0,0,0,0,0,0,0,20251225,20260614
250,0,0,0,0,0,0,0,20251226,20260614
251,0,0,0,0,0,0,0,20251225,20260614
252,0,0,0,0,0,0,0,20251225,20260613
253,0,0,0,0,0,0,0,20251230,20260612
254,0,0,0,0,0,0,0,20251225,20260613
255,0,0,0,0,0,0,0,20251227,20260103
256,0,0,0,0,0,0,0,20251222,20260617
257,0,0,0,0,0,0,0,20251225,20260613
258,0,0,0,0,0,0,0,20251224,20260614
259,0,0,0,0,0,0,0,20251223,20260617
260,0,0,0,0,0,0,0,20251225,20260614
261,0,0,0,0,0,0,0,20251225,20260614
262,0,0,0,0,0,0,0,20251222,20260617
263,0,0,0,0,0,0,0,20251222,20260617
264,0,0,0,0,0,0,0,20251222,20260617
265,0,0,0,0,0,0,0,20251225,20260613
266,0,0,0,0,0,0,0,20251222,20260617
267,0,0,0,0,0,0,0,20260316,20260617
268,0,0,0,0,0,0,0,20251222,20260617
269,0,0,0,0,0,0,0,20251222,20260313
270,0,0,0,0,0,0,0,20251225,20260613
271,0,0,0,0,0,0,0,20251222,20260617
272,0,0,0,0,0,0,0,20251225,20251226
273,0,0,0,0,0,0,0,20251225,20260614
274,0,0,0,0,0,0,0,20251222,20260617
275,0,0,0,0,0,0,0,20251227,20260613
276,0,0,0,0,0,0,0,20251222,20260617
277,0,0,0,0,0,0,0,20251222,20260617
278,0,0,0,0,0,0,0,20251224,20260613
279,0,0,0,0,0,0,0,20251226,20260613
280,0,0,0,0,0,0,0,20251222,20260617
281,0,0,0,0,0,0,0,20251230,20260612
282,0,0,0,0,0,0,0,20251224,20260613
283,0,0,0,0,0,0,0,20260120,20260313
284,0,0,0,0,0,0,0,20251222,20260617
285,0,0,0,0,0,0,0,20251222,20260615
286,0,0,0,0,0,0,0,20251222,20260617
287,0,0,0,0,0,0,0,20251223,20260617
288,0,0,0,0,0,0,0,20251222,20260617
289,0,0,0,0,0,0,0,20251227,20260612
290,0,0,0,0,0,0,0,20251222,20260615
291,0,0,0,0,0,0,0,20251228,20260614
292,0,0,0,0,0,0,0,20251222,20260617
293,0,0,0,0,0,0,0,20251228,20260614
294,0,0,0,0,0,0,0,20251222,20260617
295,0,0,0,0,0,0,0,20251225,20260613
296,0,0,0,0,0,0,0,20251222,20260617
297,0,0,0,0,0,0,0,20251222,20260617
298,0,0,0,0,0,0,0,20251224,20251225
299,0,0,0,0,0,0,0,20251223,20260617
300,0,0,0,0,0,0,0,20251222,20260617
301,0,0,0,0,0,0,0,20251225,20260613
302,0,0,0,0,0,0,0,20251231,20260613
303,0,0,0,0,0,0,0,20251222,20260617
304,0,0,0,0,0,0,0,20251227,20260614
305,0,0,0,0,0,0,0,20260120,20260227
306,0,0,0,0,0,0,0,20251224,20260104
307,0,0,0,0,0,0,0,20251225,20260104
308,0,0,0,0,0,0,0,20251224,20260614
309,0,0,0,0,0,0,0,20251224,20260614
310,0,0,0,0,0,0,0,20251222,20260617
311,0,0,0,0,0,0,0,20260106,20260614
312,0,0,0,0,0,0,0,20251222,20260617
313,0,0,0,0,0,0,0,20251222,20260617
314,0,0,0,0,0,0,0,20251224,20260614
315,0,0,0,0,0,0,0,20251225,20260612
316,0,0,0,0,0,0,0,20251222,20260615
317,0,0,0,0,0,0,0,20251222,20260617
318,0,0,0,0,0,0,0,20260302,20260302
319,0,0,0,0,0,0,0,20251226,20260613
320,0,0,0,0,0,0,0,20251228,20260614
321,0,0,0,0,0,0,0,20251224,20260614
322,0,0,0,0,0,0,0,20251222,20260617
323,0,0,0,0,0,0,0,20251225,20260104
324,0,0,0,0,0,0,0,20260228,20260614
325,0,0,0,0,0,0,0,20260403,20260501
326,0,0,0,0,0,0,0,20260223,20260617
327,0,0,0,0,0,0,0,20260301,20260614
328,0,0,0,0,0,0,0,20251228,20260222
329,0,0,0,0,0,0,0,20251222,20260220
330,0,0,0,0,0,0,0,20251230,20260220
331,0,0,0,0,0,0,0,20260227,20260612
332,0,0,0,0,0,0,0,20260223,20260617
333,0,0,0,0,0,0,0,20251222,20260219
334,0,0,0,0,0,0,0,20260403,20260614
335,0,0,0,0,0,0,0,20260401,20260617
336,0,0,0,0,0,0,0,20251225,20260329
337,0,0,0,0,0,0,0,20251222,20260331
338,0,0,0,0,0,0,0,20251225,20260222
339,0,0,0,0,0,0,0,20260228,20260614
340,0,0,0,0,0,0,0,20251225,20260329
341,0,0,0,0,0,0,0,20251225,20260329
342,0,0,0,0,0,0,0,20260531,20260531
343,0,0,0,0,0,0,0,20251225,20260222
344,0,0,0,0,0,0,0,20260110,20260131
345,0,0,0,0,0,0,0,20251225,20260106
346,0,0,0,0,0,0,0,20260111,20260222
347,0,0,0,0,0,0,0,20251225,20260501
348,0,0,0,0,0,0,0,20251222,20260617
349,0,0,0,0,0,0,0,20251222,20260430
350,0,0,0,0,0,0,0,20251224,20260501
351,0,0,0,0,0,0,0,20251225,20260501
352,0,0,0,0,0,0,0,20251222,20260227
353,0,0,0,0,0,0,0,20260302,20260617
354,0,0,0,0,0,0,0,20251222,20260401
355,0,0,0,0,0,0,0,20251224,20260329
356,0,0,0,0,0,0,0,20251224,20260419
357,0,0,0,0,0,0,0,20251222,20260424
358,0,0,0,0,0,0,0,20251222,20260424
359,0,0,0,0,0,0,0,20251225,20260419
360,0,0,0,0,0,0,0,20251230,20260227
361,0,0,0,0,0,0,0,20260402,20260612
362,0,0,0,0,0,0,0,20251222,20260331
363,0,0,0,0,0,0,0,20251230,20260327
364,0,0,0,0,0,0,0,20260401,20260617
365,0,0,0,0,0,0,0,20260406,20260614
366,0,0,0,0,0,0,0,20251228,20260329
367,0,0,0,0,0,0,0,20251227,20260131
368,0,0,0,0,0,0,0,20251230,20260123
369,0,0,0,0,0,0,0,20260126,20260219
370,0,0,0,0,0,0,0,20260130,20260220
371,0,0,0,0,0,0,0,20251228,20260125
372,0,0,0,0,0,0,0,20251222,20260122
373,0,0,0,0,0,0,0,20251227,20260328
374,0,0,0,0,0,0,0,20251222,20260226
375,0,0,0,0,0,0,0,20260227,20260617
376,0,0,0,0,0,0,0,20251224,20260222
377,0,0,0,0,0,0,0,20260228,20260613
378,0,0,0,0,0,0,0,20251225,20260221
379,0,0,0,0,0,0,0,20260227,20260617
380,0,0,0,0,0,0,0,20260107,20260226
381,0,0,0,0,0,0,0,20260109,20260220
382,0,0,0,0,0,0,0,20251222,20260515
383,0,0,0,0,0,0,0,20260515,20260515
384,0,0,0,0,0,0,0,20260227,20260612
385,0,0,0,0,0,0,0,20251224,20260221
386,0,0,0,0,0,0,0,20251224,20260614
387,0,0,0,0,0,0,0,20251225,20260614
388,0,0,0,0,0,0,0,20251227,20260614
389,0,0,0,0,0,0,0,20251227,20260221
390,0,0,0,0,0,0,0,20260103,20260613
391,0,0,0,0,0,0,0,20260228,20260613
392,0,0,0,0,0,0,0,20251224,20260221
393,0,0,0,0,0,0,0,20251224,20260222
394,0,0,0,0,0,0,0,20251225,20260222
395,0,0,0,0,0,0,0,20251225,20260221
396,0,0,0,0,0,0,0,20260104,20260614
397,0,0,0,0,0,0,0,20260301,20260614
398,0,0,0,0,0,0,0,20260223,20260226
399,0,0,0,0,0,0,0,20260103,20260614
400,0,0,0,0,0,0,0,20260103,20260104
401,0,0,0,0,0,0,0,20260103,20260613
402,0,0,0,0,0,0,0,20260223,20260617
403,0,0,0,0,0,0,0,20251229,20260226
404,0,0,0,0,0,0,0,20260108,20260220
405,0,0,0,0,0,0,0,20251222,20260226
406,0,0,0,0,0,0,0,20251224,20260613
407,0,0,0,0,0,0,0,20251227,20260614
408,0,0,0,0,0,0,0,20251224,20260606
409,0,0,0,0,0,0,0,20260107,20260617
410,0,0,0,0,0,0,0,20260107,20260617
411,0,0,0,0,0,0,0,20251222,20260617
412,0,0,0,0,0,0,0,20260108,20260611
413,0,0,0,0,0,0,0,20251222,20260617
414,0,0,0,0,0,0,0,20260302,20260611
415,0,0,0,0,0,0,0,20251222,20260617
416,0,0,0,0,0,0,0,20260107,20260617
417,0,0,0,0,0,0,0,20260108,20260219
418,0,0,0,0,0,0,0,20260306,20260605
419,0,0,0,0,0,0,0,20260108,20260611
420,0,0,0,0,0,0,0,20251222,20260617
421,0,0,0,0,0,0,0,20260107,20260617
422,0,0,0,0,0,0,0,20260227,20260617
423,0,0,0,0,0,0,0,20260107,20260226
424,0,0,0,0,0,0,0,20260227,20260617
425,0,0,0,0,0,0,0,20251229,20260617
426,0,0,0,0,0,0,0,20251222,20260227
427,0,0,0,0,0,0,0,20251224,20260301
428,0,0,0,0,0,0,0,20251225,20260301
429,0,0,0,0,0,0,0,20260307,20260614
430,0,0,0,0,0,0,0,20251229,20260612
431,0,0,0,0,0,0,0,20251222,20260617
432,0,0,0,0,0,0,0,20251222,20260612
433,0,0,0,0,0,0,0,20251222,20260109
434,0,0,0,0,0,0,0,20251224,20260606
435,0,0,0,0,0,0,0,20260112,20260617
436,0,0,0,0,0,0,0,20260117,20260614
437,0,0,0,0,0,0,0,20251225,20260606
438,0,0,0,0,0,0,0,20251224,20260502
439,0,0,0,0,0,0,0,20251227,20260502
440,0,0,0,0,0,0,0,20260117,20260613
441,0,0,0,0,0,0,0,20260307,20260614
442,0,0,0,0,0,0,0,20260117,20260301
443,0,0,0,0,0,0,0,20260112,20260227
444,0,0,0,0,0,0,0,20251224,20260614
445,0,0,0,0,0,0,0,20251224,20260614
446,0,0,0,0,0,0,0,20251222,20260227
447,0,0,0,0,0,0,0,20260107,20260617
448,0,0,0,0,0,0,0,20260110,20260614
449,0,0,0,0,0,0,0,20251225,20260301
450,0,0,0,0,0,0,0,20251224,20260301
451,0,0,0,0,0,0,0,20251222,20260617
452,0,0,0,0,0,0,0,20251222,20260617
453,0,0,0,0,0,0,0,20251222,20260617
454,0,0,0,0,0,0,0,20251222,20260617
455,0,0,0,0,0,0,0,20251224,20251229
456,0,0,0,0,0,0,0,20251222,20260503
457,0,0,0,0,0,0,0,20260302,20260617
458,0,0,0,0,0,0,0,20260301,20260617
459,0,0,0,0,0,0,0,20251228,20260226
460,0,0,0,0,0,0,0,20260306,20260612
461,0,0,0,0,0,0,0,20260307,20260614
462,0,0,0,0,0,0,0,20251227,20260301
463,0,0,0,0,0,0,0,20251228,20260301
464,0,0,0,0,0,0,0,20260302,20260617
465,0,0,0,0,0,0,0,20260307,20260613
466,0,0,0,0,0,0,0,20251222,20260226
467,0,0,0,0,0,0,0,20251222,20260226
468,0,0,0,0,0,0,0,20251227,20260228
469,0,0,0,0,0,0,0,20260308,20260614
470,0,0,0,0,0,0,0,20251230,20260227
471,0,0,0,0,0,0,0,20251230,20260227
472,0,0,0,0,0,0,0,20251226,20260301
473,0,0,0,0,0,0,0,20251222,20260226
474,0,0,0,0,0,0,0,20260307,20260613
475,0,0,0,0,0,0,0,20260107,20260219
476,0,0,0,0,0,0,0,20260112,20260610
477,0,0,0,0,0,0,0,20251222,20260617
478,0,0,0,0,0,0,0,20260107,20260612
479,0,0,0,0,0,0,0,20251222,20260605
480,0,0,0,0,0,0,0,20251224,20260613
481,0,0,0,0,0,0,0,20251230,20260617
482,0,0,0,0,0,0,0,20260109,20260617
483,0,0,0,0,0,0,0,20251222,20260605
484,0,0,0,0,0,0,0,20251225,20260614
485,0,0,0,0,0,0,0,20251225,20260131
486,0,0,0,0,0,0,0,20251230,20260515
487,0,0,0,0,0,0,0,20251224,20260614
488,0,0,0,0,0,0,0,20251228,20260606
489,0,0,0,0,0,0,0,20251222,20260617
490,0,0,0,0,0,0,0,20260101,20260614
491,0,0,0,0,0,0,0,20251224,20251231
492,0,0,0,0,0,0,0,20260102,20260617
493,0,0,0,0,0,0,0,20251222,20251230
494,0,0,0,0,0,0,0,20260118,20260614
495,0,0,0,0,0,0,0,20260403,20260606
496,0,0,0,0,0,0,0,20251228,20260111
497,0,0,0,0,0,0,0,20260117,20260613
498,0,0,0,0,0,0,0,20251227,20260110
499,0,0,0,0,0,0,0,20260112,20260617
500,0,0,0,0,0,0,0,20251222,20260108
501,0,0,0,0,0,0,0,20251222,20260430
502,0,0,0,0,0,0,0,20260302,20260306
503,0,0,0,0,0,0,0,20260301,20260307
504,0,0,0,0,0,0,0,20260408,20260430
505,0,0,0,0,0,0,0,20251229,20260105
506,0,0,0,0,0,0,0,20251224,20260501
507,0,0,0,0,0,0,0,20251222,20260402
508,0,0,0,0,0,0,0,20251222,20260430
509,0,0,0,0,0,0,0,20260402,20260430
510,0,0,0,0,0,0,0,20260411,20260426
511,0,0,0,0,0,0,0,20260411,20260501
512,0,0,0,0,0,0,0,20260501,20260501
513,0,0,0,0,0,0,0,20251230,20260430
514,0,0,0,0,0,0,0,20260408,20260429
515,0,0,0,0,0,0,0,20251222,20260430
516,0,0,0,0,0,0,0,20251225,20260501
517,0,0,0,0,0,0,0,20251222,20260430
518,0,0,0,0,0,0,0,20251222,20260617
519,0,0,0,0,0,0,0,20251222,20260430
520,0,0,0,0,0,0,0,20260302,20260430
521,0,0,0,0,0,0,0,20251222,20260401
522,0,0,0,0,0,0,0,20251222,20260401
523,0,0,0,0,0,0,0,20251225,20260501
524,0,0,0,0,0,0,0,20251227,20260425
525,0,0,0,0,0,0,0,20260302,20260401
526,0,0,0,0,0,0,0,20260402,20260430
527,0,0,0,0,0,0,0,20260301,20260329
528,0,0,0,0,0,0,0,20251224,20260228
529,0,0,0,0,0,0,0,20251225,20260228
530,0,0,0,0,0,0,0,20260307,20260328
531,0,0,0,0,0,0,0,20260306,20260327
532,0,0,0,0,0,0,0,20251225,20260228
533,0,0,0,0,0,0,0,20260412,20260426
534,0,0,0,0,0,0,0,20260309,20260401
535,0,0,0,0,0,0,0,20260411,20260501
536,0,0,0,0,0,0,0,20260411,20260425
537,0,0,0,0,0,0,0,20260301,20260329
538,0,0,0,0,0,0,0,20251222,20260427
539,0,0,0,0,0,0,0,20251225,20260328
540,0,0,0,0,0,0,0,20251225,20260425
541,0,0,0,0,0,0,0,20251228,20260426
542,0,0,0,0,0,0,0,20251222,20260515
543,0,0,0,0,0,0,0,20251222,20260515
544,0,0,0,0,0,0,0,20260302,20260430
545,0,0,0,0,0,0,0,20260301,20260501
546,0,0,0,0,0,0,0,20260307,20260425
547,0,0,0,0,0,0,0,20251224,20260228
548,0,0,0,0,0,0,0,20251222,20260228
549,0,0,0,0,0,0,0,20260301,20260501
550,0,0,0,0,0,0,0,20260302,20260430
551,0,0,0,0,0,0,0,20251222,20260228
552,0,0,0,0,0,0,0,20251225,20260329
553,0,0,0,0,0,0,0,20260307,20260501
554,0,0,0,0,0,0,0,20260306,20260430
555,0,0,0,0,0,0,0,20251230,20260327
556,0,0,0,0,0,0,0,20251225,20260328
557,0,0,0,0,0,0,0,20260301,20260501
558,0,0,0,0,0,0,0,20260412,20260501
559,0,0,0,0,0,0,0,20251224,20260425
560,0,0,0,0,0,0,0,20251225,20260501
561,0,0,0,0,0,0,0,20260109,20260430
562,0,0,0,0,0,0,0,20251222,20260401
563,0,0,0,0,0,0,0,20251227,20260328
564,0,0,0,0,0,0,0,20260307,20260425
565,0,0,0,0,0,0,0,20251224,20260328
566,0,0,0,0,0,0,0,20251225,20260329
567,0,0,0,0,0,0,0,20260301,20260301
568,0,0,0,0,0,0,0,20251225,20260426
569,0,0,0,0,0,0,0,20260301,20260426
570,0,0,0,0,0,0,0,20251224,20260329
571,0,0,0,0,0,0,0,20251222,20260430
572,0,0,0,0,0,0,0,20251225,20260501
573,0,0,0,0,0,0,0,20260115,20260122
574,0,0,0,0,0,0,0,20260117,20260118
575,0,0,0,0,0,0,0,20251224,20260501
576,0,0,0,0,0,0,0,20251222,20260430
577,0,0,0,0,0,0,0,20251224,20260425
578,0,0,0,0,0,0,0,20251227,20260501
579,0,0,0,0,0,0,0,20251227,20260501
580,0,0,0,0,0,0,0,20251225,20260425
581,0,0,0,0,0,0,0,20251224,20260501
582,0,0,0,0,0,0,0,20251224,20260328
583,0,0,0,0,0,0,0,20251222,20260401
584,0,0,0,0,0,0,0,20251223,20260331
585,0,0,0,0,0,0,0,20251222,20260401
586,0,0,0,0,0,0,0,20251229,20260226
587,0,0,0,0,0,0,0,20251229,20260227
588,0,0,0,0,0,0,0,20251222,20260401
589,0,0,0,0,0,0,0,20251224,20260110
590,0,0,0,0,0,0,0,20251223,20260109
591,0,0,0,0,0,0,0,20260116,20260612
592,0,0,0,0,0,0,0,20251223,20260612
593,0,0,0,0,0,0,0,20251222,20260429
594,0,0,0,0,0,0,0,20251225,20260501
595,0,0,0,0,0,0,0,20251227,20260430
596,0,0,0,0,0,0,0,20251227,20260328
597,0,0,0,0,0,0,0,20260306,20260501
598,0,0,0,0,0,0,0,20251222,20260429
599,0,0,0,0,0,0,0,20260306,20260430
600,0,0,0,0,0,0,0,20251225,20260328
601,0,0,0,0,0,0,0,20251222,20260401
602,0,0,0,0,0,0,0,20260301,20260426
603,0,0,0,0,0,0,0,20251222,20260426
604,0,0,0,0,0,0,0,20260313,20260327
605,0,0,0,0,0,0,0,20260314,20260501
606,0,0,0,0,0,0,0,20251225,20260307
607,0,0,0,0,0,0,0,20251224,20260614
608,0,0,0,0,0,0,0,20251222,20260226
609,0,0,0,0,0,0,0,20260227,20260617
610,0,0,0,0,0,0,0,20251222,20260226
611,0,0,0,0,0,0,0,20251230,20260612
612,0,0,0,0,0,0,0,20251224,20260614
613,0,0,0,0,0,0,0,20251224,20260614
614,0,0,0,0,0,0,0,20251227,20260221
615,0,0,0,0,0,0,0,20251222,20260617
616,0,0,0,0,0,0,0,20260112,20260220
617,0,0,0,0,0,0,0,20251224,20260613
618,0,0,0,0,0,0,0,20251225,20260614
619,0,0,0,0,0,0,0,20260202,20260617
620,0,0,0,0,0,0,0,20251222,20260130
621,0,0,0,0,0,0,0,20251224,20260131
622,0,0,0,0,0,0,0,20260201,20260614
623,0,0,0,0,0,0,0,20251225,20260131
624,0,0,0,0,0,0,0,20260206,20260612
625,0,0,0,0,0,0,0,20251230,20260130
626,0,0,0,0,0,0,0,20260207,20260613
627,0,0,0,0,0,0,0,20260112,20260617
628,0,0,0,0,0,0,0,20251226,20260613
629,0,0,0,0,0,0,0,20260107,20260109
630,0,0,0,0,0,0,0,20251222,20260612
631,0,0,0,0,0,0,0,20251226,20260606
632,0,0,0,0,0,0,0,20251227,20260613
633,0,0,0,0,0,0,0,20251226,20260606
634,0,0,0,0,0,0,0,20260328,20260328
635,0,0,0,0,0,0,0,20251225,20260614
636,0,0,0,0,0,0,0,20260109,20260612
637,0,0,0,0,0,0,0,20251222,20260617
638,0,0,0,0,0,0,0,20251230,20260617
639,0,0,0,0,0,0,0,20260107,20260617
640,0,0,0,0,0,0,0,20251225,20260614
641,0,0,0,0,0,0,0,20251225,20260614
642,0,0,0,0,0,0,0,20251230,20260605
643,0,0,0,0,0,0,0,20251225,20260614
644,0,0,0,0,0,0,0,20251225,20260614
645,0,0,0,0,0,0,0,20251226,20260614
646,0,0,0,0,0,0,0,20251222,20260617
647,0,0,0,0,0,0,0,20251227,20260613
648,0,0,0,0,0,0,0,20251222,20260617
649,0,0,0,0,0,0,0,20251224,20260613
650,0,0,0,0,0,0,0,20251226,20260613
651,0,0,0,0,0,0,0,20251222,20260617
652,0,0,0,0,0,0,0,20251225,20260613
653,0,0,0,0,0,0,0,20251227,20260613
654,0,0,0,0,0,0,0,20251222,20260617
655,0,0,0,0,0,0,0,20251230,20260612
656,0,0,0,0,0,0,0,20260109,20260611
657,0,0,0,0,0,0,0,20251224,20260613
658,0,0,0,0,0,0,0,20251222,20260617
659,0,0,0,0,0,0,0,20251222,20260617
660,0,0,0,0,0,0,0,20260109,20260605
661,0,0,0,0,0,0,0,20251225,20260613
662,0,0,0,0,0,0,0,20251222,20260617
663,0,0,0,0,0,0,0,20251224,20260614
664,0,0,0,0,0,0,0,20251230,20260615
665,0,0,0,0,0,0,0,20251222,20260612
666,0,0,0,0,0,0,0,20260107,20260617
667,0,0,0,0,0,0,0,20251222,20260617
668,0,0,0,0,0,0,0,20251230,20260612
669,0,0,0,0,0,0,0,20251222,20260617
670,0,0,0,0,0,0,0,20251230,20260611
671,0,0,0,0,0,0,0,20260117,20260614
672,0,0,0,0,0,0,0,20260118,20260614
673,0,0,0,0,0,0,0,20251224,20260111
674,0,0,0,0,0,0,0,20251224,20260111
675,0,0,0,0,0,0,0,20260109,20260109
676,0,0,0,0,0,0,0,20260223,20260617
677,0,0,0,0,0,0,0,20260112,20260611
678,0,0,0,0,0,0,0,20251222,20260108
679,0,0,0,0,0,0,0,20260108,20260611
680,0,0,0,0,0,0,0,20260109,20260605
681,0,0,0,0,0,0,0,20251222,20260617
682,0,0,0,0,0,0,0,20260407,20260617
683,0,0,0,0,0,0,0,20251222,20260515
684,0,0,0,0,0,0,0,20251222,20260429
685,0,0,0,0,0,0,0,20260301,20260501
686,0,0,0,0,0,0,0,20260302,20260305
687,0,0,0,0,0,0,0,20251230,20260617
688,0,0,0,0,0,0,0,20251222,20260401
689,0,0,0,0,0,0,0,20251222,20260617
690,0,0,0,0,0,0,0,20260109,20260612
691,0,0,0,0,0,0,0,20251224,20260606
692,0,0,0,0,0,0,0,20251222,20260617
693,0,0,0,0,0,0,0,20251225,20260612
694,0,0,0,0,0,0,0,20251227,20260613
695,0,0,0,0,0,0,0,20251222,20260617
696,0,0,0,0,0,0,0,20251222,20260617
697,0,0,0,0,0,0,0,20260402,20260402
698,0,0,0,0,0,0,0,20260202,20260617
699,0,0,0,0,0,0,0,20260108,20260611
700,0,0,0,0,0,0,0,20260202,20260611
701,0,0,0,0,0,0,0,20260108,20260130
702,0,0,0,0,0,0,0,20251222,20260617
703,0,0,0,0,0,0,0,20260207,20260613
704,0,0,0,0,0,0,0,20251224,20260131
705,0,0,0,0,0,0,0,20260201,20260614
706,0,0,0,0,0,0,0,20260108,20260605
707,0,0,0,0,0,0,0,20260112,20260601
708,0,0,0,0,0,0,0,20260108,20260604
709,0,0,0,0,0,0,0,20260109,20260605
710,0,0,0,0,0,0,0,20260108,20260612
711,0,0,0,0,0,0,0,20251222,20260617
712,0,0,0,0,0,0,0,20251225,20260131
713,0,0,0,0,0,0,0,20260418,20260614
714,0,0,0,0,0,0,0,20260107,20260601
715,0,0,0,0,0,0,0,20251222,20260617
716,0,0,0,0,0,0,0,20260116,20260228
717,0,0,0,0,0,0,0,20251227,20260613
718,0,0,0,0,0,0,0,20260112,20260226
719,0,0,0,0,0,0,0,20251228,20260614
720,0,0,0,0,0,0,0,20251225,20260613
721,0,0,0,0,0,0,0,20260118,20260301
722,0,0,0,0,0,0,0,20251227,20260502
723,0,0,0,0,0,0,0,20260307,20260613
724,0,0,0,0,0,0,0,20260308,20260614
725,0,0,0,0,0,0,0,20251228,20260503
726,0,0,0,0,0,0,0,20251222,20260503
727,0,0,0,0,0,0,0,20251225,20260606
728,0,0,0,0,0,0,0,20251223,20251224
729,0,0,0,0,0,0,0,20251222,20260617
730,0,0,0,0,0,0,0,20251222,20260617
731,0,0,0,0,0,0,0,20260307,20260613
732,0,0,0,0,0,0,0,20260109,20260612
733,0,0,0,0,0,0,0,20251222,20260108
734,0,0,0,0,0,0,0,20251225,20260612
735,0,0,0,0,0,0,0,20251224,20260614
736,0,0,0,0,0,0,0,20251222,20260617
737,0,0,0,0,0,0,0,20251223,20260612
738,0,0,0,0,0,0,0,20260107,20260611
739,0,0,0,0,0,0,0,20260112,20260123
740,0,0,0,0,0,0,0,20260117,20260125
741,0,0,0,0,0,0,0,20251222,20260617
742,0,0,0,0,0,0,0,20251225,20260613
743,0,0,0,0,0,0,0,20251224,20260614
744,0,0,0,0,0,0,0,20251225,20260614
745,0,0,0,0,0,0,0,20251230,20260612
746,0,0,0,0,0,0,0,20260116,20260123
747,0,0,0,0,0,0,0,20260117,20260124
748,0,0,0,0,0,0,0,20251222,20260220
749,0,0,0,0,0,0,0,20260112,20260122
750,0,0,0,0,0,0,0,20251222,20260617
751,0,0,0,0,0,0,0,20251227,20260613
752,0,0,0,0,0,0,0,20251225,20260614
753,0,0,0,0,0,0,0,20260118,20260125
754,0,0,0,0,0,0,0,20260112,20260608
755,0,0,0,0,0,0,0,20260302,20260612
756,0,0,0,0,0,0,0,20251226,20260614
757,0,0,0,0,0,0,0,20251222,20260617
758,0,0,0,0,0,0,0,20251227,20260613
759,0,0,0,0,0,0,0,20251226,20260614
760,0,0,0,0,0,0,0,20260107,20260227
761,0,0,0,0,0,0,0,20260105,20260220
762,0,0,0,0,0,0,0,20251222,20260617
763,0,0,0,0,0,0,0,20260108,20260331
764,0,0,0,0,0,0,0,20260107,20260401
765,0,0,0,0,0,0,0,20251222,20260330
766,0,0,0,0,0,0,0,20260109,20260327
767,0,0,0,0,0,0,0,20260113,20260331
768,0,0,0,0,0,0,0,20260108,20260326
769,0,0,0,0,0,0,0,20251223,20260105
770,0,0,0,0,0,0,0,20260107,20260401
771,0,0,0,0,0,0,0,20260110,20260328
772,0,0,0,0,0,0,0,20251222,20260401
773,0,0,0,0,0,0,0,20251222,20260330
774,0,0,0,0,0,0,0,20251223,20260401
775,0,0,0,0,0,0,0,20251227,20260103
776,0,0,0,0,0,0,0,20251222,20260401
777,0,0,0,0,0,0,0,20251225,20260106
778,0,0,0,0,0,0,0,20251223,20260327
779,0,0,0,0,0,0,0,20251226,20260329
780,0,0,0,0,0,0,0,20260111,20260329
781,0,0,0,0,0,0,0,20251223,20260327
782,0,0,0,0,0,0,0,20251222,20260331
783,0,0,0,0,0,0,0,20251224,20260103
784,0,0,0,0,0,0,0,20260107,20260401
785,0,0,0,0,0,0,0,20260107,20260401
786,0,0,0,0,0,0,0,20251222,20260401
787,0,0,0,0,0,0,0,20251222,20260401
788,0,0,0,0,0,0,0,20260108,20260331
789,0,0,0,0,0,0,0,20251226,20260106
790,0,0,0,0,0,0,0,20251226,20260329
791,0,0,0,0,0,0,0,20260107,20260401
792,0,0,0,0,0,0,0,20260107,20260401
793,0,0,0,0,0,0,0,20251225,20260101
794,0,0,0,0,0,0,0,20251222,20251229
795,0,0,0,0,0,0,0,20251223,20260327
796,0,0,0,0,0,0,0,20260102,20260105
797,0,0,0,0,0,0,0,20251222,20260331
798,0,0,0,0,0,0,0,20251226,20260329
799,0,0,0,0,0,0,0,20251223,20260227
800,0,0,0,0,0,0,0,20251227,20260228
801,0,0,0,0,0,0,0,20251225,20260301
802,0,0,0,0,0,0,0,20251222,20260401
803,0,0,0,0,0,0,0,20251222,20260330
804,0,0,0,0,0,0,0,20251225,20260329
805,0,0,0,0,0,0,0,20251222,20260401
806,0,0,0,0,0,0,0,20251222,20260401
807,0,0,0,0,0,0,0,20260113,20260326
808,0,0,0,0,0,0,0,20251229,20260327
